24424
396982
19425
16550
62785
198488
22859
198605
36040
14618
213438
60729
36492
203061
13949
7224
45566
40873
26910
19047
139190
206092
8987
36987
62874
32381
36039
55023
41264
36561
19448
16509
26684
22577
394639
52994
139070
395973
19527
6432
262486
271047
263639
394507
36263
58588
395343
400098
699
9059
400581
134235
39111
17493
399991
397034
400574
399834
400573
10124
400575
400582
40045
53587
135630
23536
38895
398658
211386
400577
398575
399058
398656
33447
398250
398660
400576
14271
266122
398659
400580
24221
26019
398657
400579
400578
398889
399583
398100
400572
14840
28716
12695
49425
12993
8607
3361
134823
8542
47973
131273
3245
48152
14793
12835
43440
41151
2044
12978
8569
43380
60268
18041
133993
14061
141047
6423
140770
12895
33045
44334
140443
38843
203469
140389
200155
135957
210537
212720
55960
22107
39468
328840
10782
19397
7687
29873
23844
209781
47902
47863
7486
15495
131627
54643
16084
398661
131597
135918
26407
8689
200521
10355
39290
33327
43775
17416
9298
30950
39719
134469
16791
42568
54905
50671
11319
7138
24336
2526
45481
23582
140825
39144
9497
22332
43453
64245
39244
39218
10097
135752
35710
55403
6859
51401
10630
25487
48158
12898
20775
136523
13360
35382
49148
30510
59842
205716
27847
45761
41571
207915
48061
196861
47207
14330
400277
131987
131963
137798
31402
202024
46660
203639
25516
31521
12607
34031
141968
265504
197079
200852
142382
11012
211178
49054
43830
24250
47201
210860
33705
18874
266590
24853
29742
39691
132309
10200
52670
263477
200706
36508
3202
45699
142007
394180
206381
205568
270765
132986
55122
199479
17810
135955
35070
207038
204195
133164
39498
29615
131256
199328
204924
39690
328679
213319
210297
270870
58444
59732
202998
263833
205427
271183
60155
135286
267769
38964
199588
137253
203707
198122
56158
141334
58984
14170
25814
328128
210279
204780
271319
269748
268489
207691
209684
328580
206036
43028
205412
136338
198296
62417
327749
16577
201449
61523
138069
56153
197562
63784
203245
29962
41265
140456
201604
140631
58700
38853
40280
7313
13029
140073
63294
395066
135378
208086
200568
399098
147138
134985
25785
138749
210158
49610
149333
135308
9168
208430
34405
24647
149694
149136
50912
149953
395038
149336
149098
48845
48127
200707
36481
147128
53752
140395
131440
133719
149340
138030
18927
136668
264194
150055
210504
59135
204555
142008
47571
41259
141914
149551
136766
132892
395747
212911
209242
139242
13335
202623
203898
14789
393667
39279
7551
35021
9858
63949
23600
48337
394536
1421
19324
133877
263164
11985
24590
63770
21581
20956
14454
8520
204911
208746
45986
36689
62654
393359
15293
60461
396972
28863
11559
17953
15147
18757
32805
63561
42422
28990
48886
14410
9640
54855
24861
134433
21346
204918
206905
209322
209750
38106
23599
208248
209404
197869
131352
9642
51415
201144
45676
199711
7251
201891
202442
15831
133191
136465
16244
19154
64431
40069
48575
27479
63278
32144
48009
210206
131436
196880
206836
393625
131100
397678
3424
45971
210326
133995
23016
209997
36095
31369
29708
33239
33391
21835
211298
267748
208153
211607
25391
134461
50335
207345
61285
35034
57195
141203
210718
199718
41179
196667
132193
131098
34628
20417
58131
397694
196762
131099
209867
62254
399051
57744
50431
397868
52057
17268
55609
395671
397826
9977
49118
398805
30592
199259
56439
204404
205661
400618
202451
395820
41961
53915
20265
210249
48673
132143
398160
396222
132174
40836
47327
56978
212887
397875
141885
28044
197257
9700
27788
40275
53895
37392
64218
211304
199217
44911
212649
32466
1022
11907
9755
395966
396973
397329
40158
43136
55197
55603
44612
207037
38687
63049
8832
35137
131800
31985
131884
199507
400412
210375
25945
131889
208412
33146
209359
205578
397317
400500
64206
3774
394135
15708
34043
395062
13500
395752
25319
400108
27331
54499
199639
397707
17832
21022
51258
58777
941
23543
7563
395787
400095
398333
138430
57178
26348
136444
12244
62781
62431
136163
63173
140049
131888
10907
2200
38882
398302
50549
16828
29830
30781
36183
206109
198732
23460
62044
147012
24785
202984
22701
31025
54825
56655
12200
23721
12586
136557
139913
18947
39704
263237
58269
14244
11274
49434
20562
59947
53356
394483
212508
33182
51765
52000
207083
20773
61102
63023
20021
50131
18779
28907
61138
26548
54527
201106
36231
45014
43541
60800
4851
50867
203020
55720
39572
57043
7489
60064
212477
34358
29066
59441
50520
48823
51248
19133
138608
47242
14713
30893
50986
136052
51430
133120
47143
51520
27589
24679
134512
20616
132563
8854
212027
29140
34652
46573
200019
42331
394896
62563
21217
29713
140947
30475
328462
131092
24541
40966
210269
395839
59711
9678
14987
32400
25198
26225
35425
43603
64200
27229
25926
27357
19994
10991
208367
200000
39756
15919
33724
9952
198414
29854
32780
49581
29262
42699
29132
207279
45815
201971
55803
35277
48282
45179
51290
23535
34440
28216
399244
63473
262448
198651
61251
204818
202015
39839
202511
328032
205897
62390
50033
269070
29067
54839
213166
208636
56784
24725
39458
200147
135953
49815
41635
19871
26347
270353
43112
48533
49485
33070
399674
47583
210632
37611
51109
54290
20738
6157
203345
395111
54641
8972
3842
33398
34011
21499
9925
28747
207651
25532
33260
200719
22611
43624
207990
211277
22903
396073
42612
263735
44716
23881
29650
204287
131214
207326
42159
55293
54163
34895
45382
61207
202422
15216
395092
13909
12488
43927
210703
207636
220
197902
31333
52347
202423
41665
44043
42442
205220
7040
53057
21501
14576
40728
57286
56485
60117
48684
39783
33322
210636
53589
9667
201446
14415
19234
12574
34432
25393
328364
199213
198347
201200
204196
25260
46433
29486
36536
44273
52465
49699
46873
46516
200548
207143
59816
29452
42675
47385
52125
201401
62838
17881
29097
55232
398779
32338
133448
51050
207333
201983
56150
47521
33028
43362
206017
212219
31590
199542
42846
34088
26481
47172
209711
262256
196645
35278
14567
202958
42018
205668
400384
208046
197395
41541
49879
18650
141039
393336
200698
45887
203087
34289
202955
40438
41628
12266
40539
205399
29883
12417
33854
25642
51698
16556
44094
61493
29302
36791
196713
134926
20248
28099
201924
263829
262712
30455
3177
263700
397086
27640
141518
204353
198944
53914
20574
48896
201078
48825
62310
199098
18635
393960
208091
46337
42655
46918
61046
20068
202206
28997
59854
14397
398217
62087
34412
204544
210773
399804
139660
201094
54500
47625
135387
212913
202759
393841
395512
9290
201536
137509
47823
10747
62082
207758
269098
197746
207728
50823
397666
210388
33569
199481
50655
35295
136175
56898
136171
199990
1442
394493
204641
55778
37352
49693
14442
32647
199246
39566
31981
54555
51294
132425
208555
39168
63040
36248
14986
59632
200979
198012
198455
199997
52335
39345
58740
265645
211611
133393
204868
35569
205081
135920
200960
58040
42751
198968
14708
30943
36077
395723
50968
42567
206638
40959
213354
57311
201630
39889
27223
34738
139337
209243
196745
32094
206331
45426
60422
203822
267841
14160
397834
139580
201862
57576
25108
17314
32740
56732
212870
207560
202306
211804
265839
44476
43800
207031
24940
209146
48874
212317
20860
198452
202954
213230
37273
60330
41062
44901
48024
21162
40882
140224
139736
25577
50463
134196
34959
39451
15589
906
58923
55933
44820
42881
399077
132717
265919
25542
200187
38983
49612
54574
400043
200904
64271
136038
7628
394256
141750
48096
3252
56444
57814
58519
328608
59414
41033
21294
44444
3700
135822
39798
23576
34534
138915
7753
63199
208349
202207
201771
43048
208310
25146
43987
44709
11598
25773
35657
33229
136970
39845
42263
54155
208924
133199
200999
149769
50837
48348
7483
43180
33930
57624
61194
31445
398826
210574
47110
206934
51164
49834
25259
61960
132005
41227
24817
41568
133712
58593
134187
142299
208744
63883
136195
264555
60438
45985
8646
17473
135629
35788
43896
55990
200350
135377
136907
202053
43552
43383
59019
43721
37079
140107
134768
27435
33330
9335
45012
26226
399955
131628
13886
58793
9714
5500
59050
15691
56282
139648
202242
272445
63612
142403
208677
6640
55020
396319
199883
212441
59077
58998
201471
137280
52126
142002
49661
34235
138152
20917
139057
11352
395341
140766
56971
395279
206278
139659
43352
27556
41721
211392
132206
61419
60077
138456
62587
263511
25697
49635
138571
41436
62827
26058
133441
209723
207685
55752
59109
206805
12362
210560
44568
206446
208800
198514
59456
328227
137577
210329
12601
22804
12878
10489
198912
53834
16466
134366
63889
7469
204548
197981
201542
132644
10765
396949
17213
209945
208660
7387
36731
49720
197648
202090
209045
205243
20988
51975
53414
263565
396948
206808
209805
52063
49503
49801
137331
132161
61108
198167
41655
50166
394563
134612
197729
205809
51849
54478
396509
393262
60162
10047
212830
393619
47716
199318
200102
210200
199660
132816
203391
205697
49791
198184
202543
135293
203204
61097
38788
203252
137788
54456
7001
205098
137455
201622
133683
131324
328526
35779
39146
198719
60950
398375
6169
54913
20333
210226
38643
199727
147186
40399
149641
26891
395503
400137
7586
42584
39221
42388
203897
149457
202470
19377
400619
205585
60015
136102
132304
19382
41332
201455
51821
202964
11868
200628
62403
62227
58589
149290
329053
328699
209199
49388
203126
135302
137816
11166
18019
206733
203439
138545
138362
137801
25864
52212
204990
13302
328989
60423
328621
136990
202670
134353
38767
205559
135107
21130
203592
271521
135337
201346
208152
56011
271860
204839
40474
22965
132015
132399
200629
328302
204002
202604
37709
328413
134279
62334
137286
61970
205976
131605
265503
51154
41993
8484
206690
55175
202509
205959
44222
205377
201731
208777
264604
59099
213256
134224
270797
202718
136274
52512
58233
35766
209145
63734
198326
208222
203297
396101
44319
10908
210027
209223
395349
59089
265618
133171
196654
34935
199872
205281
205787
398877
395841
135949
61365
202341
140799
202661
209896
202469
204737
132107
271435
11110
206136
24429
268208
37963
131378
213314
327910
59028
211914
45104
45102
59052
134963
59054
45103
34947
59051
395936
45108
59053
35540
59055
38369
45096
16276
63295
31898
43894
14506
4192
7160
54253
43898
64102
6142
792
46558
20054
1215
22435
1218
38538
206209
200705
1217
23885
3457
33517
20037
4184
136025
52019
793
29976
11049
11479
14544
15135
1216
40921
31925
1219
46403
14919
13832
138207
10884
18916
393773
39467
11506
24185
11887
41900
794
395010
60285
90
11625
36282
398237
395738
18837
15179
393676
4191
25384
57748
706
1630
19604
202271
15519
16807
19603
14904
2140
1747
18703
10676
26607
2560
26062
200981
19814
39814
12703
399966
14926
22824
17390
11925
10965
20754
9460
395473
399449
5511
202213
210616
24189
19152
2002
19898
27797
14912
133377
203652
60096
16081
55932
19765
149779
393850
50995
23257
61179
50524
60616
10120
40847
10337
41958
43283
15006
46199
19073
27530
26543
43719
19093
24300
3775
38543
27977
29834
23145
46589
163
39982
1786
3059
763
10659
400029
39921
45187
134779
138450
19057
2538
36347
547
37935
27477
1997
58683
15395
54636
33439
10532
397485
8075
22720
8070
8069
3598
59067
8068
200138
45139
35106
12076
397996
58862
23468
398961
136892
8073
22692
26222
63314
40066
8072
6291
14719
5761
13811
1956
30135
31792
8071
395851
397466
20046
36006
6584
395496
32476
25796
8812
13399
200517
6182
17345
8074
6194
30575
396463
51167
396931
396900
32934
134450
35672
141995
63293
23816
149642
138699
54115
17457
34825
40021
24572
36647
395524
18140
24296
34010
14777
14778
203219
203220
14779
36088
203070
14776
24376
28122
14781
131898
7233
23879
58720
45501
38072
24031
134706
38045
39486
55517
17110
32116
23880
14678
26085
55417
394615
58525
38033
10228
45863
36129
45915
42173
394560
23663
24018
23926
55416
55418
265584
34082
15635
394561
18713
204000
394614
45502
40986
52985
4190
137698
138832
201529
6933
12445
58721
59307
207842
9256
15896
62041
19193
4619
211198
47383
30137
44534
44907
13238
62014
59930
202611
211157
30282
210656
60068
28709
36408
23637
207207
23393
210010
204720
23794
46071
38107
8868
21245
57363
46177
21030
200325
140403
147288
2285
49287
59776
55082
61107
47542
131660
135295
212238
21257
56636
29264
132188
203755
207170
24305
208341
397192
268843
60626
202479
272713
9053
209403
207388
400495
204286
131984
23361
133496
20940
400571
399561
204248
62229
201263
63895
199251
211589
210261
134409
201585
203139
206227
202294
136764
63559
17132
135429
1042
63557
10762
11748
207158
59289
23327
206734
61159
57015
140634
22565
30637
10576
199524
398385
133350
43303
206986
38670
208559
49911
64232
63558
13777
200013
40366
13890
14520
132138
208707
211044
4694
4323
51286
4250
7203
6939
7850
7506
5577
8455
10439
8100
11588
10929
9370
10297
11831
12876
9009
13926
13739
14127
15510
15083
12989
15626
13213
60765
132203
15003
11878
15497
3223
7979
6724
17216
16125
15734
16397
206848
19084
18450
19318
16262
16628
18978
19437
46606
58182
19844
19969
19624
20264
21321
20836
23033
22781
21159
21100
20473
21859
24482
20454
23352
22552
23342
24768
24961
24875
25820
25163
25780
24971
29073
20598
27257
22363
29182
30633
30083
29354
32097
29691
31103
29550
30176
30900
32244
28753
30693
32475
29802
32181
33083
33480
33387
33302
32489
34989
34971
35017
34305
35415
33438
33785
33891
36024
35662
35916
36114
35470
35908
37153
36666
36352
32613
36970
36351
36887
37170
37377
37472
37506
37661
40824
29838
37692
37643
38001
39326
39392
40156
39351
42473
42695
40861
40244
42708
42160
42730
42831
37018
41653
49505
39020
43146
43289
43317
44050
45470
46562
46475
45671
46805
46430
44066
40676
46664
46816
49349
47328
46844
49453
50613
50673
49544
51191
51731
51159
51852
51395
52048
52173
52219
49532
53340
53559
50297
49981
55536
43350
53667
53755
53850
47447
54203
53889
54104
55286
55225
54489
54540
46261
55967
54455
56630
58073
56934
59253
59349
57169
59729
56322
59504
59432
60404
60558
60118
60505
57858
60567
61440
61157
61317
59764
60781
62370
62282
60011
62217
62567
62471
62540
63119
62240
63018
64484
63128
133752
203523
197155
136258
134451
133480
133296
327705
197328
327813
201011
201525
199653
203629
57230
200039
202836
327942
327784
394380
395089
200532
206898
24549
20448
53342
54817
8556
60476
49949
31659
13209
395978
30152
27175
29311
61280
53281
53332
61147
55761
58797
59615
43021
62899
57345
29748
16973
262990
35974
196827
14992
62071
45201
32911
56106
24931
9823
57669
53370
25048
199733
46945
35914
31698
40374
18120
28855
33552
52236
202118
133229
14384
53918
32306
53055
41562
42776
36236
45486
55799
24220
263093
48446
42244
29869
393326
43472
9166
198171
62756
42418
26484
34649
9412
15189
20401
25128
56110
17669
42399
45693
50926
23052
17918
16535
55051
132071
201634
10207
45577
262603
38279
11235
17019
50465
38894
16862
50872
14120
11230
59791
58922
46260
42400
47161
58936
42210
133143
59705
201597
34541
47577
201670
43198
196678
22152
197372
62049
42311
262287
62651
7595
23108
54334
30849
60739
23273
59795
49313
63916
56617
57879
62088
27597
199847
201702
58667
41079
197914
12617
43620
197439
44398
198313
42705
17971
24958
57682
13647
3722
59677
32275
17920
24381
262170
198047
48093
45152
42465
33251
61412
20450
198153
30235
52925
52270
53101
50915
7349
59554
24611
40715
52321
53225
29331
41427
51241
201709
53221
55229
198432
56799
41369
262978
42120
26277
17439
6718
58113
20692
6188
132779
40819
62026
4550
6259
7061
6299
6496
7458
6494
10768
11024
11220
11526
12207
19164
22612
16631
40034
22099
26496
54113
53831
54600
2635
206834
51468
34788
47846
31034
398101
134548
197695
42622
38719
20857
62325
27647
133618
29169
131965
198610
31240
15348
15598
134175
39729
198310
132839
48635
139021
137951
48254
7598
40065
398823
19574
8622
39570
61969
34762
24151
57724
48287
62904
30148
206281
45090
34619
64050
12996
197540
9123
15817
16625
15456
45638
29222
13768
50474
19551
51013
12824
27715
9371
24446
136800
30447
24806
197019
50245
26658
3786
51557
398478
15967
21069
38955
394695
20847
8315
25234
48854
53665
52030
210403
48707
7684
32748
48357
59371
212531
63410
25504
48324
27823
17378
399522
16371
45031
18447
28299
58658
12859
35041
395954
48596
50340
398993
398968
8342
60087
327979
15685
60819
210079
43081
45544
134729
38283
39122
136950
147019
47302
58061
399626
25394
197720
142578
13246
58487
133201
398791
29134
135354
29522
44112
49604
50599
12637
7859
21155
20756
42807
29278
34119
45753
203417
197712
40509
132325
137443
399566
135357
201595
47692
46015
61323
31624
62214
37907
32708
29405
142032
26978
24641
139341
59692
47381
58791
25459
132742
204213
16552
31229
205275
38365
12843
31477
55303
36943
5539
397213
208582
8739
136778
34282
286
53824
35625
58003
56958
44136
14116
34222
36444
23470
203461
7162
23724
5606
9115
22548
29014
44486
39134
35913
60631
9891
8893
34931
34240
24935
32491
212216
13649
43359
60922
57367
203476
15694
210250
38731
52368
48314
41528
43754
7393
3064
213192
33876
31708
25151
31673
43190
56030
58466
36459
398110
48716
25575
273584
131921
7296
9597
15299
42926
396190
208332
63760
137697
24994
28824
63956
41075
37518
16686
3265
6295
4808
60357
16347
8426
29141
15133
13237
48347
19237
11042
35206
18013
51115
198066
328543
12301
7514
131392
139471
25563
44128
132415
49126
42585
138630
136933
58931
398108
5517
200083
30962
31727
204601
138195
44460
327839
58810
42868
31083
30277
205282
52148
20559
209853
29422
15830
147008
399250
34173
142062
26753
133775
15703
8308
59545
265831
210579
61189
2639
63911
24282
131353
39790
7625
57687
25824
43128
9286
43758
31863
47544
55002
132420
60458
138115
15879
206170
48715
9308
3188
47292
5578
56067
203053
11989
43260
36692
54994
397423
262518
38532
198068
60380
21887
6134
32558
48689
58010
16245
12337
38700
41357
14782
29017
22168
34624
53243
202675
24066
205766
209622
199753
208161
21409
15954
397373
133159
42910
18747
203576
395776
23394
14361
12915
48894
45839
19867
19905
201999
17444
62292
56851
60592
24989
44684
1239
13414
50840
44569
204436
58540
394303
48434
979
200831
9044
41000
58065
393398
4213
1836
60362
131775
207199
31242
213120
39591
44477
34360
201692
208769
23764
55081
63068
53107
18710
399629
203
5602
138995
59925
55688
201964
141004
17054
14670
200487
200713
9381
206566
53038
60798
205876
25653
3491
8741
196752
132335
209150
24085
33828
15657
134365
11045
20647
207713
203973
43391
18501
133380
46279
22458
328037
397273
45974
9735
45538
6786
6364
6461
131149
140292
17848
2554
264649
57497
31492
393340
29789
30361
206264
60976
205544
204915
51747
211871
23824
38224
201706
138968
25560
834
140683
17941
135161
21396
34549
198203
56694
28707
204957
200062
8685
49282
136133
60713
34922
17511
18229
61173
41564
133861
46050
213252
211409
61272
31178
15699
14907
134765
209626
9723
30823
31463
25832
44925
8859
9294
17514
9150
4847
201227
48551
132056
394344
15555
139456
41535
64270
42093
12779
19148
135967
59778
135951
47002
64021
47215
134762
133847
266400
20853
9211
51659
44453
12655
12258
59943
29076
22653
1901
8312
199404
25184
51088
5413
3242
20278
17589
43513
61168
201206
5693
12129
46841
3327
43853
50941
38927
399195
207647
62449
201563
28924
210644
34233
29636
51713
136170
61211
4670
4455
8304
20495
140641
208154
63759
211859
35833
45459
15590
22878
135581
38913
13951
57376
21013
5048
20141
62610
196763
40630
205072
11608
139180
8553
20746
42043
59674
21060
55017
56309
208425
134771
23005
35592
63148
38880
28209
211642
199758
45352
13897
29024
197216
132322
201691
10843
12306
30836
39494
33494
29729
198921
20546
29551
1764
29686
64458
133178
13008
36489
21769
3900
196922
29243
38926
200088
205206
133643
39384
24642
50304
60071
39923
57494
133115
49367
3741
30870
29028
50957
14340
61029
786
49467
39962
20102
62416
136160
62804
58461
57844
393259
6908
138538
140801
132813
55660
58621
21350
49788
51561
12470
400724
49392
197071
213002
11383
1103
15576
13767
19373
14230
58212
5404
137962
50939
46003
59214
207604
13287
42960
50343
132825
12676
5430
131447
201233
53334
36218
12731
48815
38277
60253
60494
197308
12722
16844
26163
204119
397563
15388
31543
135917
131386
212296
12025
62121
44335
398019
45996
3132
51895
2510
49073
203248
134764
4618
8823
51295
53861
60721
328170
209641
396362
208414
58404
328882
137451
197248
204343
210379
137702
131486
46505
10010
51275
34568
48979
38690
34086
139811
19853
201682
61098
8925
204074
133776
15085
209510
57809
266855
2611
15535
32787
6903
9125
54548
136146
44133
9183
47886
10013
202916
16789
34309
47869
140576
40476
51483
57095
8391
14280
49063
4802
26139
46469
23650
49352
262954
139035
41887
57994
200128
198710
263753
45504
12348
21554
31424
141159
56740
18182
35717
139265
8896
13446
60717
8851
53479
8001
8875
51718
202054
49457
34372
50562
45324
60610
6130
206991
33561
7540
61414
51453
38220
132241
207680
200484
34655
39368
31334
11320
60591
8218
61055
137691
57695
22489
35937
42572
132198
35174
48147
4678
8399
10474
33984
43773
59834
39444
63940
30860
202516
1850
34225
48950
42557
25291
10732
13354
34081
15790
6428
138358
59210
133800
134238
8495
136209
14744
45731
17964
265262
4755
34920
207048
204770
202448
131224
48737
58262
20649
62
206509
211993
4758
53676
20545
17408
57972
148981
23884
202376
59447
714
13438
14492
40738
201295
48918
328172
132372
62442
207459
58543
51790
39287
15623
395681
8820
55388
9099
15826
38372
47836
38099
13039
24466
4583
3302
15545
31383
53264
25248
12931
263799
8469
59939
26337
132111
7385
208382
400464
47810
40395
9022
49334
60460
43108
209042
329166
394727
34953
45668
206888
7819
33055
12715
136727
48971
16138
21413
44984
63902
44565
131423
199669
41508
19679
51107
9293
149648
203148
47764
38631
132692
400506
40975
48678
20849
15317
7226
51177
15987
49127
34702
49855
200651
61998
9008
15401
29527
47317
203318
56457
20771
205654
197690
21260
34665
27283
44574
31044
394277
62005
203412
26619
133774
10913
46549
211401
53974
24851
135543
199325
7671
15440
204038
213183
55045
22549
201848
7258
13535
207027
6878
29468
62068
4816
199644
135343
263702
141892
201814
13645
48505
31052
3262
34224
207190
24586
22439
133955
16186
44700
25795
202269
4770
35667
44812
41980
3313
198352
6354
35280
202302
55470
42927
56430
9530
35236
33968
5538
131626
54044
17878
13789
57168
39227
53154
20926
50113
133694
15450
395532
1828
59431
394432
39537
3175
141883
3214
266618
46636
213250
135222
23660
25875
35130
8648
42184
43641
36007
136107
63997
57533
198770
13182
395409
202468
24295
210390
47541
5396
559
62000
3267
16188
4594
150172
396904
13820
11342
51210
13917
50178
10733
210334
45652
135682
59092
42346
28604
138131
14265
205930
766
14626
29423
203315
132827
12850
34300
200435
27482
20694
6764
56643
16557
62319
31244
23661
13009
34555
204603
31493
749
140762
30602
12371
29757
62763
8660
211183
6659
203201
50372
52580
328853
63210
10036
47720
8839
136200
204035
147303
60175
204167
204251
36483
213035
20472
13444
3170
64114
201499
39324
132937
205948
136988
58160
133950
58294
204997
14956
207125
42220
44017
49943
134176
201311
9311
38661
198614
23338
57152
9744
60435
45910
132883
39637
60707
28586
203394
49328
204983
24657
8596
197731
29632
47891
43809
1853
201928
131414
206812
199081
199118
61047
208898
27323
197726
27382
50891
21385
64236
51431
3236
13284
39582
53907
47674
18126
56201
268581
44806
24951
59684
31586
208626
58940
24373
41722
39605
1290
200514
134420
41913
41678
44949
34941
60144
18362
42964
17858
43424
47527
44388
138359
262790
26554
60602
205090
42352
212598
21309
201955
61400
14413
6233
3258
9188
197696
211582
140068
201942
26529
54635
56291
51311
202492
51942
38930
9105
148993
58397
48614
10912
394949
40028
42745
58640
7516
61154
14537
48339
147177
137
36354
48594
19875
39263
12316
56876
50214
15148
12519
11357
212069
41412
393886
199608
46652
199242
208398
213038
206102
39825
24868
59642
25220
18068
16298
17819
44976
17098
56059
20804
41098
50300
50446
200165
22418
35680
136190
200313
9353
26914
11403
34177
23136
202536
15541
17252
6866
20326
45237
199274
14742
46887
49609
204648
1757
136023
33848
148994
17833
140745
202505
20792
208685
43263
42503
47748
47506
4538
61236
56005
31147
61094
6738
25593
17534
197492
11790
5669
22205
29037
150052
200760
11478
4765
16205
34343
58563
25277
135444
12941
2852
8855
59507
24459
22747
17139
24723
201133
43829
34324
13135
47066
33873
197816
199907
46973
10006
16095
27659
49941
14558
200534
55154
398395
51734
56577
201079
19037
1101
43542
5587
59827
59374
63962
32025
212249
197651
56088
210977
58788
53628
38638
64425
137386
63835
34643
206842
200185
35682
39142
262545
42882
8943
9584
393889
22822
266660
30170
16101
14010
41174
63989
41176
39743
141584
43557
16316
30798
131685
1835
137664
8590
25264
273612
140826
198249
49322
21472
197352
202682
48943
30060
39758
15743
25596
48851
64286
12212
150949
36454
44297
2711
62642
21119
49677
202319
9067
989
12213
18566
33139
39238
31264
9607
55106
29608
16218
133938
34993
39887
5505
48846
61303
46597
44592
39806
205316
8015
26383
20755
51906
62297
41175
12374
60690
30500
196653
2665
198949
52511
13984
12347
14059
17974
15894
15544
44725
272148
34588
202276
35339
15663
29889
8244
19151
200395
8849
